{"cells":[{"metadata":{},"cell_type":"markdown","source":"- a)  Ecrire une fonction Python qui prend un entier $n$ et renvoie une matrice de $\\mathcal{S}_n(\\mathbb R)$ à coefficients aléatoires dans $[0,1[$. Calculer les valeurs propres et des vecteurs propres de quelques-unes de ses matrices. Que peut-on conjecturer sur la valeur propre maximale? Sur un vecteur propre associé?\n\n   On munit $\\mathbb R^n$ de sa structure euclidienne canonique.\n      Soient  $M\\in\\mathcal{S}_n(\\mathbb R^+)$, $\\lambda_1 \\ldots, \\lambda_n$ ses valeurs propres et $\\alpha$ leur maximum. Soit $\\Phi:X\\mapsto\\langle X,MX\\rangle$.\n- b)   Justifier l'existence de $\\alpha$. Montrer que, pour tout $X\\in\\mathcal{M}_{n,1}(\\mathbb R)$, $ \\Phi(X)\\leq \\alpha \\lVert X\\rVert^2$ et qu'il y a égalité si et seulement si  $X$ appartient au sous-espace propre de $M$ associé à $\\alpha$.\n- c)   Soit $C=\\left\\{X\\in\\mathcal{M}_{n,1}(\\mathbb R)\\;; \\; \\lVert X\\rVert=1\\mbox{ et }\\forall i\\in[\\![  1,n]\\!]    ,\\,  X_i\\geq0\\right\\}$. Montrer que $\\Phi$ est bornée sur $C$ et admet un maximum $\\mu\\leq \\alpha$.\n\n- d) Soient $X$ un vecteur propre unitaire de $M$  associé à $\\alpha$ et $W\\in\\mathcal{M}_{n,1}(\\mathbb R)$ dont les composantes sont les valeurs absolues\ndes composantes de $X$.  Montrer que $W \\in C$ et en déduire que $\\mu\\geq\\lvert \\alpha\\rvert$.\n\n- e)   Conclure que $\\alpha\\geq0$ puis que $M$ admet un vecteur propre positif et unitaire associé à $\\alpha$.\n- f)   Montrer que, pour tout $i\\in[\\![  1,n]\\!]    $, $\\lvert \\lambda_i\\rvert\\leq \\alpha$."},{"metadata":{"trusted":true},"cell_type":"code","source":"import numpy.random as rd\nimport numpy as np\nimport numpy.linalg as alg\n\n\ndef matrice(n) :\n    mat = rd.random((n,n))\n    for i in range(n) :\n        for j in range(i+1,n) :\n            mat[i,j]=mat[j,i]\n    return mat\n\nmatrice(10)","execution_count":1,"outputs":[{"output_type":"execute_result","execution_count":1,"data":{"text/plain":"array([[0.95158406, 0.32228724, 0.46935443, 0.64018994, 0.08064125,\n        0.827481  , 0.58677954, 0.87902316, 0.98687713, 0.46577808],\n       [0.32228724, 0.26834603, 0.54024108, 0.52695129, 0.04511332,\n        0.19623412, 0.55724223, 0.64175162, 0.4163729 , 0.95831977],\n       [0.46935443, 0.54024108, 0.37323123, 0.1553864 , 0.19364595,\n        0.90028324, 0.14473438, 0.32965965, 0.44336711, 0.97369669],\n       [0.64018994, 0.52695129, 0.1553864 , 0.13185085, 0.28824536,\n        0.7762997 , 0.38550779, 0.66126425, 0.89159417, 0.0169653 ],\n       [0.08064125, 0.04511332, 0.19364595, 0.28824536, 0.93801328,\n        0.64892801, 0.9158184 , 0.80270115, 0.68494748, 0.69407037],\n       [0.827481  , 0.19623412, 0.90028324, 0.7762997 , 0.64892801,\n        0.89566875, 0.31379467, 0.06896164, 0.88394366, 0.06798118],\n       [0.58677954, 0.55724223, 0.14473438, 0.38550779, 0.9158184 ,\n        0.31379467, 0.18494368, 0.6272018 , 0.09090754, 0.49544479],\n       [0.87902316, 0.64175162, 0.32965965, 0.66126425, 0.80270115,\n        0.06896164, 0.6272018 , 0.59250923, 0.49386472, 0.56863437],\n       [0.98687713, 0.4163729 , 0.44336711, 0.89159417, 0.68494748,\n        0.88394366, 0.09090754, 0.49386472, 0.20897982, 0.08165998],\n       [0.46577808, 0.95831977, 0.97369669, 0.0169653 , 0.69407037,\n        0.06798118, 0.49544479, 0.56863437, 0.08165998, 0.79502997]])"},"metadata":{}}]},{"metadata":{"trusted":true},"cell_type":"code","source":"A=[[0.54814329, 0.01707534, 0.46435858, 0.40987609, 0.89383662,\n        0.19502919, 0.85760277, 0.41728122, 0.86199469, 0.27191172],\n       [0.01707534, 0.35462962, 0.45410158, 0.29877502, 0.77865009,\n        0.48156917, 0.4260578 , 0.04055034, 0.01656269, 0.87173053],\n       [0.46435858, 0.45410158, 0.28902189, 0.82314999, 0.72326745,\n        0.49864878, 0.94597117, 0.73352484, 0.22088824, 0.24956041],\n       [0.40987609, 0.29877502, 0.82314999, 0.08882107, 0.71225511,\n        0.49104623, 0.83592674, 0.3049004 , 0.67130192, 0.93999932],\n       [0.89383662, 0.77865009, 0.72326745, 0.71225511, 0.1206751 ,\n        0.3509758 , 0.74128956, 0.46816275, 0.16441883, 0.69783434],\n       [0.19502919, 0.48156917, 0.49864878, 0.49104623, 0.3509758 ,\n        0.41158529, 0.33335725, 0.08969364, 0.96298834, 0.67383967],\n       [0.85760277, 0.4260578 , 0.94597117, 0.83592674, 0.74128956,\n        0.33335725, 0.42530824, 0.17962704, 0.19854905, 0.16162811],\n       [0.41728122, 0.04055034, 0.73352484, 0.3049004 , 0.46816275,\n        0.08969364, 0.17962704, 0.86145417, 0.10142675, 0.31525457],\n       [0.86199469, 0.01656269, 0.22088824, 0.67130192, 0.16441883,\n        0.96298834, 0.19854905, 0.10142675, 0.96596368, 0.33281203],\n       [0.27191172, 0.87173053, 0.24956041, 0.93999932, 0.69783434,\n        0.67383967, 0.16162811, 0.31525457, 0.33281203, 0.95191578]]\nalg.eig(A)","execution_count":2,"outputs":[{"output_type":"execute_result","execution_count":2,"data":{"text/plain":"(array([ 4.94347402,  1.32063897,  1.36098245, -1.21635819,  0.67703086,\n        0.2303119 , -0.10153825, -0.88924961, -0.56355987, -0.74421414]), array([[-0.32252475, -0.44776064,  0.00990726,  0.39846252,  0.13404501,\n        -0.56732884, -0.19623767, -0.30861429,  0.25066973,  0.01415166],\n       [-0.2513879 ,  0.48146781,  0.07034084,  0.29653322,  0.18307841,\n         0.05219575, -0.56976024, -0.06629117, -0.43104321, -0.24708599],\n       [-0.3439748 , -0.10609736,  0.29418483, -0.13466308,  0.02509319,\n         0.46722244,  0.07609431, -0.62310412, -0.11430804,  0.37376991],\n       [-0.3630221 ,  0.04111901, -0.03135339,  0.56235554,  0.04078043,\n         0.08841092,  0.58804621,  0.33225977, -0.24708482,  0.15024001],\n       [-0.36062605,  0.06562763,  0.21632631, -0.38469238,  0.1331696 ,\n        -0.25211239, -0.23342345,  0.48774537,  0.00135504,  0.54514024],\n       [-0.28832262,  0.10052254, -0.40458081,  0.16098226, -0.06895375,\n         0.46483479, -0.25734282,  0.14881801,  0.63606435,  0.05820986],\n       [-0.33854387, -0.19435592,  0.24825277, -0.29549564,  0.46673759,\n         0.15281417,  0.17179291,  0.15847767,  0.137993  , -0.61951636],\n       [-0.22123066, -0.17911667,  0.41097623,  0.03866411, -0.7944599 ,\n         0.05053566, -0.13160098,  0.17642339, -0.0143809 , -0.25730646],\n       [-0.2879188 , -0.36676647, -0.66416584, -0.29602571, -0.14581635,\n         0.01369799, -0.07404264,  0.00329551, -0.46901485, -0.08318352],\n       [-0.35077761,  0.57962515, -0.15904845, -0.2618596 , -0.23121384,\n        -0.37891239,  0.33503672, -0.29225642,  0.18288166, -0.13776551]]))"},"metadata":{}}]},{"metadata":{},"cell_type":"markdown","source":"On trouve que la valeur propre maximale est positive.\n"},{"metadata":{"trusted":true},"cell_type":"code","source":"def propreMax(n) :\n    mat = matrice(n)\n    ep = alg.eig(mat)\n    maxi = max(ep[0])\n    i = 0\n    while ep[0][i]<maxi :\n        i=i+1\n    return ep[1][:,i] # Attention à l'utilisation du résultat de eig","execution_count":3,"outputs":[]},{"metadata":{"trusted":true},"cell_type":"code","source":"propreMax(10)","execution_count":4,"outputs":[{"output_type":"execute_result","execution_count":4,"data":{"text/plain":"array([-0.29137546, -0.28917124, -0.27957999, -0.29091106, -0.38071905,\n       -0.36179529, -0.30427915, -0.34607418, -0.31973343, -0.27975112])"},"metadata":{}}]},{"metadata":{},"cell_type":"markdown","source":"On se rend compte que toutes les coordonnées ont même signe sur un vecteur propre associé à la valeur propre maximale."},{"metadata":{},"cell_type":"markdown","source":"Le nombre de valeurs propres étant fini, il y a bien un maximum.\n\nNotons $E_1$, $\\dots$, $E_p$ les sous-espaces propres de $M$ associés au valeurs propres $\\lambda_1,\\dots,\\lambda_p$ et supposons sans perte de généralité que $\\alpha=\\lambda_1$. $M$ étant dans $S_n(\\mathbb R^+)$, ces sep sont orthogonaux entre eux. Posons $X=X_1+\\dots+X_p$ une décomposition de $X$ avec pour tout $i\\ne j$, $X_i\\in E_i$ et $X_i^\\top X_j=0$. \n\nOn a donc $\\Phi(X)=\\dots=\\sum_{i=1}^p \\lambda_i ||X_i||^2$. De plus $||X||^2=\\sum_{i=1}^p ||X_i||^2$. Donc $\\Phi(X)=\\alpha||X||^2$ ssi $\\sum_{i=1}^p(\\alpha- \\lambda_i) ||X_i||^2=0$. On a là une somme de termes positifs qui est donc nulle ssi tous les termes sont nuls. Or pour $i>1$, $\\lambda_i\\ne \\alpha$ donc si $i>1$, $X_i=0$ et ainsi $X\\in E_1$. \n\n"},{"metadata":{},"cell_type":"markdown","source":"$\\Phi$ est une fonction continue et $C$ est un fermé borné de $\\mathbb R^n$. Par théorème des bornes atteintes, $\\Phi$ est bornée et atteint ses bornes. En particulier, $\\Phi$ admet un maximum sur $C$ noté $\\mu$. Or $\\Phi(X)\\le \\alpha$ pour $X\\in C$. Donc $\\mu\\le\\alpha$. \n\n\nd) $W$ est clairement dans $C$. On remarque que pour un vecteur $X$ quelconque, $X^\\top MX=\\sum_{i,j}x_im_{ij}x_j$. On a ici :\n\n$$\\begin{align*}\n|\\alpha|&=|X^\\top MX|\\\\\n&=|\\sum_{i,j}x_im_{ij}x_j|\\\\\n&\\le \\sum_{i,j}|x_i|m_{ij}|x_j|&\\text{car $m_{ij}\\ge 0$}\\\\\n&\\le \\sum_{i,j}w_im_{ij}w_j\\\\\n&\\le \\mu &\\text{car $W\\in C$.}\n\\end{align*}$$\n\nAinsi, $\\mu\\ge |\\alpha|$.\n\ne) On sait par ailleurs que $\\mu\\le \\alpha$. Donc $\\alpha\\ge|\\alpha|$ c'est à dire $\\alpha\\ge 0$. On a donc $\\alpha\\le\\mu\\le\\alpha$ et donc par antisymétrie de la relation d'ordre, $\\mu=\\alpha$. $\\mu$ étant atteinte sur $C$, on peut affirmer qu'il existe un vecteur propre positif et unitaire associé à $\\alpha$. Notons $W$ un tel vecteur."},{"metadata":{},"cell_type":"markdown","source":"f) Soit $X$ un vecteur propre associé unitaire à la valeur propre $\\lambda_i$. Notons $\\bar X$ le vecteur dont les coordonnées sont les valeurs propres de celles de $X$. On a alors $\\bar X\\in C$. Ainsi :\n\n$$\\begin{align*}\n|\\lambda_i|&=|\\Phi(X)|\\\\\n&= |\\sum_{i,j}x_im_{ij}x_j|\\\\\n&\\le \\sum_{i,j} |x_i|m_{ij}|x_j|&\\text{car }m_{ij}\\ge 0\\\\\n&\\le \\Phi(\\bar X)\\\\\n&\\le \\Phi(W)& \\text{car $W$ représente un maximum}\\\\\n&\\le \\alpha.\n\\end{align*}$$"},{"metadata":{"trusted":true},"cell_type":"code","source":"","execution_count":null,"outputs":[]}],"metadata":{"kernelspec":{"name":"python3","display_name":"Python 3","language":"python"}},"nbformat":4,"nbformat_minor":2}